576107
957317
170585
171034
489352
715472
121984
692265
995244
976672
659721
103984
551936
595941
130059
251531
476050
872680
283713
947566
574704
443993
750770
946183
955877
549843
892979
29524
778722
878825
735090
518239
940354
176779
191566
650362
629481
447499
829934
248920
940352
60304
942722
991644
521393
341308
473771
93984
815411
919541
509402
965959
5269
286939
700425
913115
218167
654701
691820
729089
584584
533811
983435
275960
233980
726175
182776
826009
996169
23676
334062
583297
234677
743450
412158
447877
993971
101994
161092
480060
644484
722369
644091
133235
119819
556461
897211
494918
568378
990193
738127
427615
11214
362157
182340
638611
989117
341684
465438
406001
287106
975365
625430
15296
852364
795702
518237
110333
89043
625181
998564
829982
47219
128908
532619
593862
12194
968946
336352
846046
160900
963726
91107
950819
519069
820032
362280
348522
621172
938497
954154
715452
884419
661466
519777
373994
992430
112948
38927
626806
405799
615798
87742
408957
876609
651250
766257
180285
286589
600664
354828
591408
67187
501091
583406
177667
746640
211163
277028
654607
288376
558602
717683
156204
929888
559868
837964
718663
515787
138860
60205
316262
99211
872543
882745
830196
914250
848086
688385
239995
696157
842340
358239
771978
392038
804620
820888
575466
953094
596393
948662
428289
771653
846727
399919
49261
109931
468841
149617
347440
830152
732270
819359
317918
172030
361046
822139
284752
299226
261769
509504
978481
303961
797693
769058
806073
530720
988630
200242
440523
401247
264315
166900
663744
417292
692820
544952
224251
682703
850807
487465
970817
170834
391066
996494
856219
433046
416618
332337
326437
150503
784792
938204
127423
858340
260460
332317
855796
470943
358954
297799
310686
859988
375202
358271
338835
927313
986521
413755
714642
984108
724412
7331
429777
555649
429211
125624
510405
620316
29161
895364
167716
605843
756872
559085
527501
792692
155590
568511
498743
717535
436517
389880
252164
559794
469679
282836
224564
369856
502914
132595
729910
465343
390423
651152
868209
969094
951615
101304
560366
511758
904086
595510
847460
559955
816103
88556
318777
616083
50694
230739
27745
246709
9198
87545
906244
803621
866303
908803
964130
211679
575669
245423
352395
831706
634167
46596
886018
424719
220531
491765
228876
797580
353946
828692
771378
935192
633057
913817
52463
991955
765572
525074
980629
363948
220184
61403
35973
94919
725481
496087
265717
944351
588274
655860
236007
616017
893346
615400
415441
964427
321990
508284
286580
795151
323584
478539
714523
969846
870373
376235
219555
221538
695093
267984
632694
817860
823138
426205
666424
559070
746348
780356
930773
956415
862766
729458
38271
618457
10735
823421
909866
379522
960000
992211
804101
574522
963332
452103
407676
479405
21376
481098
426812
989305
118306
432274
22257
198978
365113
986864
446822
319292
213701
202942
270127
236760
713641
120879
790926
736968
107611
224466
239825
306502
567375
433284
525737
724618
347785
844487
929327
808395
675656
776731
674539
8955
819196
26912
218973
435756
148787
397313
669223
123164
709375
655006
312258
309015
354095
393901
248256
361336
405221
289583
816544
3977
999012
108822
870729
895406
483852
160502
602511
289285
295152
203751
957640
888254
63187
724344
465904
568202
978620
937722
32772
9091
171352
234182
727692
450889
706635
352369
260138
267780
29980
50500
714482
150673
896841
803726
252935
337426
264512
608965
841729
854871
18385
460081
822087
734075
279567
406942
997727
554967
248617
48544
50418
283492
158119
783138
425245
286308
290604
725157
60933
808949
938561
943329
238666
587187
977340
627056
809984
281393
413561
557534
588131
37089
462614
930878
864286
6970
984381
866700
309740
279798
642489
447970
234685
233494
968073
634223
833376
230053
902618
727042
600276
184832
73299
181961
600781
517729
95298
884895
927828
926060
986407
680428
711378
499543
268391
510581
658837
960517
966594
599571
918556
854283
932403
189652
768369
569269
835613
133992
122338
444795
911739
77300
833565
836723
362993
384398
659983
48863
6835
955541
686467
569960
4265
66013
448098
152590
977202
573922
482679
586839
227664
243308
903485
650929
749941
704881
263484
15464
481864
644912
207802
556769
452299
458209
658558
609966
397630
461763
58851
402614
441688
811454
901496
643301
419678
539095
583497
769133
12508
865797
782931
966787
308705
137464
505440
896256
809847
895334
698775
947681
12834
698858
687174
429011
494194
623172
788529
536257
870379
933550
795143
456910
78614
788511
211793
788205
236997
700126
182428
432587
87261
450642
472472
451746
917456
449251
588889
614141
743734
957490
692119
593146
180890
738543
686302
985092
140785
469827
896949
710385
306182
899839
359547
923128
294088
148289
53099
361385
372075
747184
483478
544078
278226
112120
950316
228207
864132
15664
922376
813543
857117
942827
840408
338733
13325
354049
107319
266831
450083
233913
261725
514044
972291
759497
26755
216313
899631
911491
658275
599748
973774
601372
663192
123252
379218
236455
326688
629438
833682
328968
2031
417718
51230
706040
811633
934049
331881
195147
436984
681213
609618
834437
440618
655273
908591
718539
116783
641125
542419
45479
182201
199007
500057
112147
560779
180106
421052
449787
968865
1745
835484
661812
840571
892005
110655
120503
959551
66733
141818
597240
277638
381732
623294
907749
884189
176545
814887
501249
756573
765197
154519
644978
924913
461075
216877
150784
882157
983818
339470
536370
913151
140962
420052
538916
469905
315496
690790
586179
970441
54086
187645
358574
519834
995724
997103
494615
449579
560479
765756
98724
404202
234315
834468
450752
352067
625289
472602
384648
81433
934426
559607
251760
621278
667613
20343
103539
501937
265338
362031
631430
424502
993434
621053
210572
245927
59349
54102
368454
702312
832853
669494
806136
308611
155355
56138
345741
430529
348012
19091
156462
304067
150505
744685
285805
515400
324448
433756
292978
844463
129557
286091
182470
325429
408134
262724
273516
426965
879427
702506
401051
869483
899744
672456
600491
146063
384127
37143
677235
422141
125393
36329
328638
770414
790530
646002
10061
657875
245955
831499
341757
184554
237776
114581
175828
410754
914231
936502
216467
842576
829391
992173
462698
541281
39058
266014
515391
995027
351326
262405
796580
779175
905383
944288
976647
729545
215030
747132
792945
628617
902014
806217
11864
259075
237402
586468
427422
543888
135660
819090
47987
829558
403131
9817
420864
236540
760919
778691
926591
324934
450379
12016
591717
721178
578207
546048
617092
418624
75944
80501
751040
139009
744452
277190
810565
73112
711
583817
504018
787294
753180
580486
921658
932864
701771
219647
401453
682921
992106
995375
441303
601797
66152
788857
754827
344572
198660
64516
768985
71639
113268
252315
548570
97564
988309
382749
464737
466208
343930
934407
99332
349313
530803
202286
638423
478554
118493
116600
230589
590217
87796
951751
593007
151386
159034
844383
577877
912192
65517
699048
813034
751146
623662
180323
902016
13794
832854
455097
144398
873975
206577
164456
553096
28322
212528
921365
117702
433124
143204
849298
768507
671316
447934
67981
992267
732147
639808
483305
907160
831509
846148
226320
766461
775082
43068
9520
331046
131795
348555
486681
355450
692669
974985
215880
818177
120172
755997
963822
550500
726122
836415
140218
786179
476373
899415
450095
224638
268171
692699
741201
829846
521394
913953
861394
6146
394466
955334
59875
967582
196821
108232
855186
455202
759027
343148
245925
746511
617378
538207
776683
717873
751760
95007
739677
884160
798688
201335
386811
595384
52600
629505
91639
143824
998961
231581
256527
776893
894204
232851
263964
574407
423410
464713
390193
42538
526912
590350
662118
330904
711066
131894
801577
281519
715673
191848
982021
676447
493965
348983
237072
376440
479028
118903
665965
282704
503359
350273
930141
904874
110130
984752
638238
584493
221997
819074
321776
958928
349344
859291
122715
810632
282883
846720
453143
142793
947515
849372
131046
248970
1798
774919
123191
248493
494708
503506
93084
765829
75773
704428
10893
504319
598896
414819
804826
618619
467582
903624
160299
198895
119164
99322
513867
353631
98386
117921
798803
405504
471836
896779
868402
557099
901108
606706
391387
435197
554151
883801
160249
33269
372803
466457
435161
579051
885591
688049
268977
725553
320581
748401
878589
481108
398746
479995
355351
582530
318292
802923
139357
46994
745500
124369
410541
900689
807620
790529
176314
496207
325449
181667
136990
358552
36625
503037
691668
808992
373580
798426
340369
187619
143599
594617
936455
28004
603656
42797
407125
996167
791453
805130
54754
202942
405742
635402
415976
716983
373099
729944
840619
101998
48512
811501
170728
340503
322462
964186
309022
603428
611205
959613
14347
948491
905475
858955
172173
885566
363392
644298
981795
892277
572453
626376
62577
85214
234177
325820
773603
153132
704735
240183
751778
15381
763430
681204
615593
502046
862562
834410
639904
74236
490544
13750
921901
481308
300983
618333
74330
540978
763317
252134
340233
679473
412623
646424
868679
627522
441674
289990
190183
924928
386253
669429
100187
401703
617290
442518
41407
936147
747810
191184
146555
454281
275479
815818
321079
118320
959866
47429
483407
32304
735060
221596
319473
583565
628098
149833
201999
112842
863864
310691
155143
923146
490572
358434
413563
672728
603807
17631
625936
866549
584640
558856
323882
263928
531686
191482
257058
64943
437918
317921
432180
220585
808801
985222
239219
213513
716724
938829
22999
549278
977465
497425
387052
588629
365004
182260
591151
640079
221993
825222
157060
263172
319242
306040
930467
257077
2278
568929
594198
916950
697591
720173
860632
618678
524526
244464
96113
584992
917338
608046
349993
92538
895073
540545
967485
95564
164858
818930
732542
945456
464029
1436
645321
437333
138518
286676
805148
931423
588814
632447
566369
411573
557980
298781
311809
304739
162605
534081
858667
762092
574431
707360
823465
118388
904142
678670
82433
263782
117182
350688
22645
673178
411930
683347
559191
331471
445397
764717
387041
588701
693244
330410
136016
152252
398016
969974
965218
707609
326
20467
208615
201146
311919
527595
77260
256103
549329
394654
416566
699402
845897
368377
55393
763894
73982
117750
894667
771100
303588
523857
485377
424066
532565
698004
868414
483560
615283
50362
465733
869462
35059
656137
539208
870572
502690
489053
285707
621846
750988
526192
711124
944058
213112
43097
652746
939393
616263
836215
508775
112377
87524
197651
452906
700937
769837
100183
342652
54558
64138
372879
238068
761983
863694
640961
450454
865145
647102
377190
642383
175350
725464
989919
550979
367622
310466
834690
108805
3407
161331
398528
442914
510400
555829
814949
381349
703434
961147
863049
393207
307357
276264
792992
722128
128548
86529
461838
417164
264651
548459
256558
592013
263935
562230
248836
427348
282632
406305
159556
814828
617006
750967
250562
549628
362209
843431
364653
776308
991348
773740
436683
896843
463875
668152
390001
101962
172116
545244
117608
624354
400920
802739
688427
931225
258273
81192
227082
177401
441011
269873
283230
610885
934309
137352
892838
612604
8897
396955
361329
653818
738311
394291
669949
692900
9939
304845
589903
868081
499281
285067
330840
201250
432625
85784
605957
129035
997597
320077
949512
730564
732951
256371
544608
755614
891541
915528
802336
850222
188136
743577
443466
103941
61500
535948
969026
783146
303000
656404
32730
707289
753528
640343
53470
214362
930605
947520
906402
578229
342211
634575
501362
272230
742081
810976
738650
816423
282930
637161
6878
608790
843501
713732
207117
499146
862645
765121
426578
225260
963720
586653
84876
485046
535114
638926
141745
744368
568657
261555
549196
808011
802705
757405
514839
88711
238580
547772
372482
702972
589009
513474
121016
626408
616569
93003
400486
950450
164013
141842
801260
199657
990155
273489
93415
485715
345865
912201
264748
17613
798435
157400
986073
51743
705775
394870
898602
575578
253978
675479
244421
959381
186090
226085
868877
420989
861899
418307
300492
281657
112267
850894
606284
720662
530076
875667
878137
567121
12543
318856
885312
128272
301078
501203
900723
525208
104465
933810
782911
664376
343923
776289
554951
556409
791146
127275
180108
456840
874550
176422
845093
430499
123263
42332
681570
454102
347658
819337
657256
980915
413670
912468
589863
555388
2547
989787
30426
412584
492292
472850
4107
249693
477498
937174
431694
345597
614305
429001
162698
319086
510563
775719
155225
273262
997948
609558
824100
422275
992653
764031
609183
341599
261671
392011
950337
106435
202412
256585
3605
449340
738142
377121
214021
397493
72639
913111
172298
225161
684682
200295
732003
393136
998573
390483
111745
563225
604853
769092
296301
489146
723643
293235
830710
409527
163175
831206
68959
217666
271163
684845
831156
838310
250738
462244
691135
543461
227743
531813
786260
459871
886041
916867
686150
27563
606001
697899
973373
883476
476419
240107
577463
686068
271328
159984
617153
440473
691529
44280
763835
302433
963649
499885
21947
657919
362578
579573
558795
195978
152707
396455
363966
249231
934614
202323
269760
208880
744418
411166
411021
681058
510605
385968
488986
432144
760538
893565
196824
687768
764194
758639
577773
320757
12331
762329
157391
583509
611498
511595
289974
403477
434690
355704
58362
120256
905569
527355
746966
219775
765673
98869
571980
470650
612537
311118
6211
136596
672843
140983
831490
388425
786190
751010
239666
303203
357186
333815
161010
727969
771476
383573
829079
58961
462252
507471
178324
15884
980737
740412
179063
323608
561224
458510
228817
709202
646844
419938
443885
565598
223311
640854
864350
575980
966347
990079
48276
294009
186130
853556
794585
983539
122863
935932
581109
321641
185186
977682
464646
459895
993692
642704
865756
694361
70590
791860
549872
980612
512363
558152
533682
917985
69498
343609
305271
689047
498728
236368
312948
571318
953517
976416
706707
599446
979134
732568
249223
76241
46939
421142
63369
363257
932278
816461
377085
33661
149430
809438
496670
361301
910138
349513
445444
353876
76141
507747
607317
997544
649484
75050
62549
756664
435444
386016
391182
567918
644312
134625
601329
676958
231195
105069
903072
133373
682262
196544
373825
412135
311680
648951
219678
137769
52980
622195
935214
105866
802107
312483
481274
745101
954765
28831
284152
443906
261269
683106
900052
874080
811597
446742
529848
25368
56323
191631
365850
535568
296041
873158
85550
898033
847822
57664
466370
627826
372812
183810
197764
538334
857546
975642
977955
274023
207620
746596
121962
89442
364290
642231
110165
1651
910855
987803
931736
939248
887658
3363
691138
365901
58690
748389
606496
128046
338674
588157
354927
351082
814314
557754
617252
287718
543834
323355
158483
67327
298251
255643
368163
847849
884398
69157
321704
677906
601813
92203
769813
488108
134247
152268
488634
627922
378995
911709
340746
709224
850065
517735
805469
543038
590753
243759
938949
42958
335980
334305
338065
328004
429564
543846
551487
426581
567934
236762
569281
919597
325708
952267
642336
176858
790473
2867
307890
967004
886156
659092
366776
610074
270896
321915
958738
358694
537245
59510
670188
279010
870970
76571
294390
181043
207570
787796
349179
787695
64602
162701
940531
454224
441534
601809
22811
124528
833828
790166
6779
81697
779530
426108
248644
7351
182927
143562
83593
550597
610172
90712
541552
950922
24308
989254
240089
839890
776679
487009
40165
122797
450404
600393
913497
759461
92577
592175
573856
207858
181700
866388
434380
479362
704190
507149
576454
709852
68722
158375
842798
809068
882335
869610
925794
883800
623196
96800
920296
32813
635839
488232
924647
967241
619317
612890
487692
61061
711438
131450
843612
978438
435150
509873
519950
498852
54007
797072
988650
747143
197903
119975
129223
234137
1722
772337
903529
478641
358880
798058
982538
927704
452503
730779
788860
541650
643758
884242
931262
906275
859257
723084
205069
249601
728783
574780
70440
627312
292986
3536
85996
235855
925758
727716
140070
899090
682022
562643
453174
168025
392910
706760
782790
436036
713028
822203
223902
996111
579330
682035
32246
729398
750888
327519
163327
661707
755915
81129
775831
832457
1107
793167
406821
222160
483612
78835
746734
635526
660916
242383
60113
115197
445355
926479
712710
470552
4355
809741
752483
188839
865802
411300
817238
829043
49997
718152
126371
238826
879721
98590
913209
711537
300098
161264
551575
511911
496168
377684
20608
585864
708136
140344
406971
651992
317715
968227
774913
869360
881848
209285
316336
296487
446210
482698
529462
501264
993795
372020
228759
987758
230482
669725
868970
825220
45287
894014
444120
671212
806341
682483
229124
460717
809227
618880
242602
467465
439729
256772
355928
451417
442170
320492
435500
504151
646699
909342
164408
574994
208298
536856
595155
295305
533704
8234
674584
988019
619088
244542
558538
795781
251744
624262
725891
503302
275263
808950
681549
814960
682374
128025
200995
886210
996840
990099
291772
279689
231908
703443
879830
842660
872363
389121
557807
533202
34214
285274
949553
238910
17285
839937
903695
3456
499291
924204
513524
590594
277925
231589
733890
526449
556624
363589
576076
218430
333163
160531
969884
190737
91148
797518
433938
758061
874969
395805
605620
54789
937062
451140
805931
139607
885780
992647
183586
62044
228087
491700
503724
204024
119313
410586
183265
19911
497654
56360
686806
619831
400999
880275
793255
787021
324193
766926
194462
861784
688278
811980
2192
94056
710727
916721
147045
159594
304274
142422
672274
600937
973649
68744
442461
960833
411457
721966
49507
833039
69306
965903
530378
161169
976466
357538
10102
665047
666102
938796
576161
106355
968968
330054
371134
964953
282392
981692
176125
395683
957132
268698
783288
639658
169706
365480
293863
436407
369726
769352
198534
882860
346367
839454
112222
101828
834998
903908
73081
749763
425462
59424
314398
558891
855656
454798
777108
123784
820140
21929
827103
572617
935354
245255
49566
152633
519703
886072
727471
190242
14308
72134
327588
867466
335383
855996
813
73192
434392
81287
894590
90008
86709
311977
210970
134944
752078
105470
964455
293268
194907
51647
178919
115794
722094
892705
243475
83041
521957
434064
546782
337725
49410
144141
477237
199822
868244
365436
880181
710009
239271
335126
305289
852961
17855
2857
768743
63075
31839
598448
391204
956725
746418
236852
602451
982923
486166
514318
570016
296361
3701
34822
930015
458759
540798
377622
823316
111366
343843
967357
762634
532755
10423
504962
406659
465164
847765
364024
653766
848372
742791
665041
297914
601723
726476
718939
906246
726246
292949
850118
803994
220174
541779
188252
994591
512544
982600
236730
510637
424597
862348
215715
756519
655578
649262
962405
220843
64290
917754
407292
402560
963664
125155
671988
490943
433933
385325
464149
171047
920967
467918
198331
234154
944991
201664
668807
349836
647118
794276
344347
923243
148484
681726
284593
52829
638934
197103
188656
395796
972097
657429
397448
717535
944798
780387
926176
714065
891865
377910
213517
347184
888818
435510
724054
349802
477567
831185
463686
123118
968778
978116
54847
718496
778579
403755
725315
734336
830781
430558
54433
448967
572480
369033
748961
620015
462257
726968
364442
898927
282418
518352
751451
774591
613246
152488
268746
615574
272686
236328
49580
547972
473822
961870
93382
583325
122578
320286
1954
856313
364045
930842
78957
480102
990581
907844
819975
216014
457464
362278
895828
286472
119573
414838
311641
232965
849470
193941
542595
778236
250960
658883
31813
340849
939925
966600
421574
719900
724175
264233
126422
988029
762737
13985
589114
294757
634543
424420
68902
396449
689782
627017
64645
118430
711099
89988
184440
153599
548098
252190
55380
191289
923714
856505
217560
793275
594392
902073
424302
645335
7484
338666
159889
274348
790080
872352
368874
397895
574368
709075
183341
788242
325450
168792
477916
617879
3408
944723
265685
926336
493845
743585
354722
433316
567863
593803
58579
586164
470508
450684
327838
65796
476559
127711
165232
164643
473430
29278
353836
857482
456416
346158
344937
647805
505390
787587
991099
1401
321373
830255
425493
59631
314979
395736
87325
300547
294384
704874
235148
516081
191957
532225
940652
674322
428148
965720
522535
617529
703538
470856
324112
107578
981820
888164
359216
647722
809727
628360
804041
832550
280618
848050
179347
104812
496628
720549
442613
696346
775646
395055
248441
544432
50836
16126
678041
452127
828279
180540
548814
607081
234083
549609
410033
599290
272551
220331
109862
334660
635754
130648
838987
659482
934449
319304
950577
380034
335872
309567
190825
312743
856990
732722
532675
108675
361532
289598
497348
779647
730035
684777
672305
419021
542679
961711
711152
720995
492931
541840
540835
646359
68993
293208
995398
814377
751925
558820
273980
594596
529242
467536
311238
742838
962541
929743
688925
148473
750142
882213
614908
697719
999374
507056
952454
722587
85327
279441
458544
21359
247739
641806
308056
243189
392001
282213
22063
422493
132516
223648
599745
984122
986675
859018
697191
513601
85289
867447
90918
186926
518131
495583
700634
104251
814803
41193
652814
484382
964013
871923
665727
851848
170941
388176
395945
8822
961228
536855
195936
679910
359438
11249
836992
5106
474395
55557
948812
747041
765411
596146
365540
426439
266622
870348
501431
723734
408919
234861
534105
884411
365217
635698
138721
403409
773982
614624
438889
397274
2155
701757
324984
359299
596727
159306
518750
771394
969614
769809
136807
613098
130418
215786
653797
780880
172707
406512
237857
682806
663355
893824
946532
79268
600180
44807
124080
744454
773841
101408
518715
642622
431382
101401
352144
897536
299267
122208
121548
464409
203354
172470
802052
475490
89753
660727
951707
659138
266664
763869
996544
157836
971655
3
689396
777144
813022
700594
40677
143041
723431
980983
615685
308096
288983
506029
86541
279575
208635
165173
953419
108828
953032
302972
377737
537671
704662
919195
779758
13409
904863
455757
166737
325699
9014
730124
705290
587350
916933
249070
565842
958172
333718
462880
784698
471986
310550
564248
515156
398663
212389
436545
825450
589426
301391
344298
549613
899004
892893
759998
357995
565855
917101
256520
680831
333520
528707
490157
158173
646924
956282
439128
168548
969319
267002
509559
827752
571600
419762
939609
228909
60047
520186
1992
869748
433478
271454
516804
395736
701926
678457
280408
422850
230981
231656
854565
350345
629483
642723
121651
913219
402368
340714
674293
665998
152069
520472
520256
214130
538880
524588
82770
176875
941509
471481
950853
185656
109454
314592
398620
575432
927728
879765
961441
689237
718483
631402
490307
484761
17621
409090
504608
289688
598085
133076
971591
914661
463248
772196
809855
736116
989424
320589
581545
147419
87814
488460
450124
774253
671681
256213
201914
91741
896825
192083
286436
176786
612614
271260
843759
740826
75149
504208
146721
252558
198728
412404
750339
491298
706582
987428
844371
848133
152490
482124
755388
922620
554840
42987
561961
331137
876547
69403
58689
529780
906802
690335
441792
507115
465587
871421
604655
880215
530828
27768
467053
138743
757198
411959
579182
259511
341106
825237
908807
593924
967586
355335
80370
493029
828785
453704
987630
976024
320094
95886
872333
413617
698933
422942
602157
385880
306786
982251
318908
585537
324546
82245
42692
507709
683870
77548
334280
931745
452446
109974
6397
214268
877956
943035
293206
657573
948383
645348
826994
430684
50439
991215
121191
587701
485904
724175
577657
153675
985112
436000
973513
762165
314137
765618
917170
689507
635331
478134
600914
861204
867759
849505
290022
649634
832554
866216
138536
566216
864398
376422
291177
843415
621923
887928
308569
169350
19513
537017
673784
99985
802478
938765
124423
354831
890064
442102
340913
906123
146802
102505
157675
520797
455852
950191
92048
686712
637992
537478
77156
430580
623026
911074
897951
167465
889202
218205
213098
62256
339667
202302
200860
167435
561680
183414
457148
75146
689408
840000
331768
400610
304791
386091
717833
183325
230908
747465
638228
588438
834729
443395
550472
347612
550244
516311
783696
394538
975519
241465
717235
50158
835344
662306
317775
988094
861793
498987
837862
84823
576458
606811
356749
481362
82308
25247
475691
349058
798669
913078
577082
441641
678923
9635
464642
129679
80755
594591
573429
315772
84936
757095
56442
869120
619614
143835
818449
723516
843292
926306
24989
459657
92333
13743
579768
533819
985345
842931
876398
586715
663979
999073
348621
511737
563341
301519
56503
877994
677286
64282
186981
821480
249984
207936
110938
240097
573144
304791
329090
608284
598051
132708
150919
795112
297124
996385
247538
179696
803431
113442
120670
307523
106995
543024
545307
619050
259310
230076
188438
959825
662752
364753
588073
818970
514653
176145
405077
933369
618462
846774
57678
364419
20071
108177
488082
704566
319108
227977
324313
856650
143469
647240
271582
572119
729006
714149
72444
849898
227988
233813
295941
875155
738261
511268
476694
277834
491123
224815
13920
462998
981731
184198
755814
772401
602261
277427
965276
18147
398743
228710
247264
813610
459783
316494
143864
395298
410348
311547
922903
228403
684561
945420
849994
954603
37604
313858
801104
613713
259937
583451
90650
644955
515063
863762
410589
852858
650465
513061
621133
628452
782329
873336
948007
39076
618948
493167
58380
75133
525612
329221
646282
300390
107169
797641
688691
783455
391225
765339
792763
793963
524681
126964
489387
463761
835731
691035
622217
204496
985410
194149
188769
72068
246918
803159
548609
914032
915323
401743
432673
102801
623139
593148
11624
427772
625078
567393
938337
60780
195546
309158
944755
868883
481039
523131
451036
227807
503375
420801
651276
287742
347823
465328
990525
43298
403068
866484
973206
139584
736624
471275
723857
4172
669381
706969
175012
258186
652670
529491
629525
485657
821008
168218
837437
593619
268769
690852
481796
721076
625958
813262
107511
939561
471183
978393
225430
442835
812776
43307
9182
456036
120516
626833
494819
561984
315922
847165
95830
121000
269038
566435
395006
737954
944876
135702
550595
317999
412608
660655
283567
201555
72569
374838
313371
220210
38903
878990
370186
74202
888664
192979
166245
25211
423807
61448
195892
208620
831318
231943
557149
231248
796049
470918
434107
535570
596225
729113
538337
744456
276559
644574
177525
214369
185221
201321
382648
324575
940052
878351
955396
487795
25602
730506
436546
468328
299791
235988
519832
357772
268879
587371
60237
67271
349474
209340
29285
315260
941387
149127
757354
838990
259912
21128
748370
167933
77984
85218
937320
222160
465039
620134
511661
933292
281777
451145
898218
972669
90893
79175
265799
249624
44746
783528
692931
453164
637774
152312
231837
870377
509618
705134
146985
571073
697823
649845
16873
140526
73450
333228
264343
164233
935492
492338
987145
326994
397287
659768
623570
890762
436627
502812
38712
99059
103962
794522
349439
32779
782710
69260
150776
392296
221783
31387
725372
948696
198032
290911
570247
779197
575615
79009
578644
41806
727076
781401
264277
869066
253129
972420
746176
691760
725689
41247
264085
410414
12483
929446
473610
736659
124247
915670
303716
167757
638480
523235
469095
192790
389777
356778
137325
390872
418649
345785
66099
829518
787679
966661
926423
11488
633343
892704
126370
240839
507226
879204
247675
799723
729243
913918
60197
69641
465555
187960
419480
16910
737184
192453
55385
159909
490481
864898
627057
154390
378910
191320
748583
638502
328329
259637
86220
879979
45056
906088
262403
613543
746506
317476
586676
475004
477138
847581
606566
351615
258516
296264
965266
297787
626316
91564
147129
133642
317912
421485
108339
249281
390422
381983
697987
198711
555195
929559
373013
869862
713387
675652
556627
873443
560474
842970
472408
295888
969852
575948
974950
607997
497283
582059
146698
349393
701507
559421
545720
345123
55142
236321
232209
556125
777606
646053
222193
971826
360069
322253
100385
632887
609466
687437
63053
300496
999820
951171
61205
916471
503482
584087
271819
774484
792027
821970
459216
391209
393536
872221
975169
344735
446846
807093
104726
379254
575975
781756
625345
414237
301619
872343
335927
652977
347042
321195
724888
969460
664232
308854
303998
609035
855689
936270
550083
288575
310466
783615
252577
496682
587592
443563
74544
900848
577082
603220
113954
669989
240963
852290
23135
134651
373520
527322
657584
389766
121838
757330
208529
109609
121121
818801
889861
527902
952741
389639
140647
768683
588509
643267
124141
343945
192295
542028
901272
653205
220359
204662
776687
32240
804878
846314
520877
978535
766045
915334
749786
216699
974484
130451
211465
354842
124477
205317
417873
79182
127423
669359
698293
103122
53235
826965
493522
299022
958686
188440
286597
321377
597757
307109
224915
234683
765371
516162
9029
195890
800792
362164
16891
82790
667860
627689
36570
338950
216447
928718
117856
604851
387141
767735
148958
792989
916797
270562
372666
139457
409874
231966
435804
611744
850496
198025
226313
908694
179582
671268
413002
224971
178790
693368
954080
765133
758943
228629
273087
9305
38004
771525
268666
296042
130524
560158
690635
55593
710954
868620
242275
345034
116459
142627
845509
34275
738019
492593
578031
420306
152350
242955
358504
428794
236051
748709
776906
564398
968176
788350
688321
450851
625152
285437
349064
509331
942356
738237
208146
527409
872738
549428
227705
445107
938926
531276
93881
601491
848980
731783
350321
707570
301770
986215
684656
816775
20385
593681
750301
713467
212592
831233
516915
897816
328035
239532
267106
178704
652169
356445
598977
156465
208794
442701
876594
528783
378529
376948
113650
295551
590266
174704
955493
996366
903801
150095
921723
430207
775672
443460
250022
291653
908073
473640
476527
68793
914670
288178
621260
565016
268758
110030
249756
138193
604298
521561
812579
38001
391747
178954
889696
893396
305064
614215
908102
795457
785907
826379
551830
107644
198351
305123
515099
227877
845975
612956
413797
122067
59741
614005
904271
625839
498915
344024
174026
862058
143383
714754
943610
609466
25456
368711
854079
887809
286505
149927
900956
299827
365961
596003
998911
186247
105648
110665
616668
280697
283381
414676
442773
404071
564408
761403
621910
483788
405900
847684
904652
286341
361617
749872
863332
142296
350349
437554
961415
586165
165241
380091
149279
307743
427193
225313
792214
234271
163984
167548
528646
41262
638510
629150
114133
237792
578665
854981
179373
122647
308987
47162
313471
692547
19168
524475
150952
422793
746531
909576
733631
990760
293201
865133
293464
695348
763130
737607
560981
707727
458001
908964
159807
737568
296266
905148
175815
855051
841350
174794
260901
935854
98956
860987
289711
470039
47282
459756
490356
877473
592896
436352
544142
739131
490617
275251
843364
484433
481331
969416
37749
890727
664481
420652
526714
873395
835842
154702
662826
605856
826264
553437
941514
188658
986454
989361
514230
984876
741848
725718
454857
684534
535241
495069
259523
813639
655566
375055
868860
42309
668434
136558
604277
794680
685684
618803
131004
967747
173934
856472
534572
774545
131389
131974
880170
716528
573461
410307
828429
36499
664190
654576
985870
162885
360685
987860
378003
733291
674623
350071
488183
219030
56316
330446
899352
594276
341460
208543
166893
974798
790972
936144
853321
417175
318867
620989
39101
540050
943665
645411
193725
226545
640749
371455
944840
525666
225603
43269
772027
345589
360873
688222
704627
221300
359858
953789
793200
337888
458615
881594
804192
335195
972791
663986
990047
832990
910748
906923
321907
345304
834879
320474
345715
726655
426337
402111
520961
130432
691920
641054
29856
724479
736201
131527
952356
791258
189939
570250
694830
222045
673342
68565
3446
55708
212351
509976
614865
881839
171765
591190
81627
713170
900844
348808
973403
451589
397596
144716
330182
217632
991173
963712
431105
941356
5844
473290
312465
369963
791083
400403
493632
756516
237097
72299
182302
911492
559671
259001
330240
175779
873028
686322
93874
532073
101091
120605
546891
676289
684623
479681
431538
547799
559415
141764
940706
717226
643470
369747
945961
608244
919382
50747
603642
810459
18354
558244
617349
784819
150133
475544
996695
815758
159613
978991
940068
979008
11922
218801
308544
773369
268214
146073
518212
924894
726260
646460
840448
70702
534667
477162
914678
251113
308201
170792
447099
310521
411261
914712
787198
428671
11633
552979
811748
816518
234884
694471
601553
178763
714601
283398
202179
571428
391431
799276
67477
312094
183679
817435
501596
916533
637744
883049
95689
677430
227931
35710
701445
794309
749751
35354
473218
401856
698477
511784
309062
195228
730411
523843
562629
894829
117214
435415
607442
686446
506880
702159
153950
39857
562761
500126
447056
793550
46208
325605
81327
603139
332861
299637
660201
384075
925169
413039
588260
880897
832490
227048
614416
694302
865895
92851
119046
996808
868370
349334
924341
472232
525483
526471
557425
534079
875470
43490
571266
149328
9230
812850
598598
181269
51107
297209
973608
686847
866141
486763
458799
253209
916720
357401
596905
159141
688839
730670
138603
54603
278378
390288
774784
66838
651050
392587
584238
289606
580127
848177
471396
320539
646164
411207
667020
622597
396142
671655
549481
801425
173547
658350
893405
295793
749273
217954
408227
585098
404578
458649
303553
854427
279795
224788
406748
390386
524778
478908
768771
450544
759363
710575
87438
646777
147283
477146
897233
855968
830102
291130
474517
512823
567558
453774
678321
16149
548303
673887
568344
760849
791475
167807
272932
786142
896339
334751
74492
34542
327652
345854
30329
827268
31222
26866
109603
405062
347927
207153
750552
972039
416004
267115
679401
487334
343616
910834
992908
821486
841133
838467
147276
33118
495620
267645
362176
47638
387703
124882
124632
80523
12784
896366
972582
80971
100432
970322
477368
715274
906636
436939
303074
433543
710928
921569
885117
995184
98041
719571
475248
199457
202037
442063
875628
152904
736210
295722
863636
289850
931715
196710
664344
655848
277698
634262
85098
573133
247791
200896
966021
616883
172891
397734
885226
712441
120030
705557
683928
172487
200050
836137
648466
829838
649932
452068
193184
433881
121875
147409
552660
789933
797878
334550
520418
426276
705305
499525
191048
480555
565235
324037
573059
282627
591803
412762
991955
45800
456473
140838
754005
452565
361803
799355
120431
405025
275128
697806
515099
148141
131134
13270
105328
607519
470694
859850
570927
956483
81587
304170
781427
557737
329001
308345
109182
577251
551069
241597
892660
742142
317756
263308
274525
915807
711275
607879
903578
43940
934567
618690
287117
3052
879043
851646
511558
702959
928504
67115
167951
359976
782092
632866
957174
770731
372544
501977
273945
87141
868525
301976
329376
675856
396918
972981
820418
971311
577084
211341
460154
449055
228712
997116
646476
970147
115454
147384
728977
197981
555988
253959
694572
565015
444557
165273
104987
549196
868507
107419
507989
528894
266801
568582
362505
751931
824753
145017
569626
228921
897465
533492
118140
347748
758566
622036
955888
260822
192993
360978
939422
462982
207712
15996
187285
537253
36363
644050
982744
207327
647949
419757
354770
98873
260428
892413
689346
212998
377210
504221
399060
298874
668580
439355
918187
767327
863395
566407
614971
411087
56332
29360
923814
865031
592929
402176
641727
419264
919452
820790
415963
899346
467019
551414
267741
78735
840605
221382
890605
965028
327623
31048
182988
146730
45826
719668
597046
263156
936449
675743
539466
112018
254063
370207
917434
581970
405127
10789
846221
751353
226017
782479
544852
334660
166481
596151
206006
538683
478933
352265
138994
503049
83083
981023
863923
142808
78714
90488
23740
589331
91818
837972
608709
753717
638389
813782
165721
269304
27296
907330
395868
693022
381777
718535
450860
118850
660937
319043
427548
668541
304951
639932
360883
974748
922084
739736
640730
524026
607662
753698
294632
330167
600938
994214
777855
690992
613184
706363
485027
659266
16539
142783
72426
783127
248741
550815
912983
852164
277793
469151
592613
214587
457159
18621
958255
519907
635935
852337
927711
437576
834791
647220
801256
339462
349477
380262
629993
912788
281287
403800
72037
541043
504085
450883
395822
401483
208252
351389
619248
103689
843107
492289
409799
399107
949074
464398
575325
371519
898841
755398
183321
721827
533457
157481
462605
33413
587239
511932
710208
563782
769988
341357
760660
2000
19598
362709
547130
100695
351398
960431
605301
725600
649982
94415
72641
899582
477381
632088
844406
87818
948670
223372
105647
564553
162974
296421
166122
738894
290505
986166
811010
785119
78824
863807
591784
92232
242353
309088
31492
484338
79140
315969
821901
278680
100052
882559
785692
946518
566165
970934
754534
693227
300046
188260
993164
439961
851742
21955
216179
305720
702431
586258
255222
126067
727799
847243
467100
895457
360911
820101
637909
281916
868049
110242
113689
809464
925431
388569
653693
426766
524577
853194
974476
561891
362083
251364
232084
904053
544438
521939
408869
142677
358284
727173
904633
441020
849329
357189
315349
130974
243225
145892
335135
57286
213755
428739
736245
849875
535807
988479
897531
171243
183875
966248
461890
455925
551825
535924
196855
168195
560595
962316
896033
297954
91145
42334
290099
45344
971420
286101
787081
376682
581848
232394
339490
349834
281618
99651
986011
712590
521407
41538
960003
617926
776692
40570
175184
59907
372288
772760
876763
47976
383374
922132
965034
912015
329073
359297
831496
494533
51584
717860
381732
293378
653218
136946
951755
772903
505047
742055
568310
246685
760141
475741
985504
344381
991854
455048
940407
653363
250255
844014
835348
75367
907026
727708
940815
173911
119324
339655
710715
827796
179214
37508
707482
474303
144758
200852
809135
45092
586017
379932
88800
260718
854088
84072
156567
949974
734242
486813
916456
404231
140224
734942
898596
899794
281388
744833
855848
885303
928603
371813
606731
277817
983675
33873
795414
875391
995960
312789
139058
594164
796569
79683
622467
842877
233271
350541
58323
547779
276865
962995
34995
953432
456908
701059
392396
657006
851296
81791
673103
205892
577122
210435
855761
776601
627721
917468
607378
93905
15136
116911
727819
236849
25407
875509
334860
147073
893122
201864
888146
145336
423802
683172
436138
34647
401337
345486
488321
70707
356792
965933
774957
769573
274456
844085
635739
82884
27790
38526
18756
741089
127536
995386
42575
549593
619539
516835
31052
746434
744003
478712
383979
194600
332985
709817
196268
790562
176806
118447
619743
877516
148607
907615
522715
540418
934691
70097
81472
786509
998640
978618
924739
783427
508825
567617
752217
589838
739394
142054
224717
482444
871036
646638
95176
72114
615815
600172
949390
403484
640308
564839
704401
603152
953533
834549
72889
110128
164357
475030
305610
464645
247229
705322
164198
384489
515825
516145
301539
559908
607007
968543
864411
82649
977725
635339
576684
992971
837466
625613
194453
460049
51106
728396
292591
462135
109002
824706
964838
943220
643589
968006
991465
233359
649391
294555
820783
499805
914080
930698
312626
717906
816701
193660
606495
559791
286733
951198
595417
831216
998818
927480
455385
5030
537260
67154
40760
394963
560782
233956
552222
839838
7618
758423
484203
915487
971196
216577
280472
653355
893109
570140
815388
628238
281419
137649
621107
913745
481670
356245
931818
269594
826254
90322
968988
227092
965461
764613
528489
442855
883155
870251
962745
876615
397051
462475
441758
444998
58492
74763
904594
843107
306929
815142
357278
776764
891538
37846
54215
302529
401561
768387
896516
758594
641218
769368
618505
889006
687803
353302
969371
826934
908690
471782
47697
791333
95801
33699
209394
511442
172236
264334
809705
651335
970422
970110
33232
281840
297606
576856
755251
156246
151683
263287
156114
590230
910279
366085
18827
732566
539468
905898
61749
97295
646253
539311
549399
859756
772184
157790
700410
933858
828433
76474
537955
592175
403746
464972
171419
238076
332669
726227
420847
291844
430336
784821
384366
908791
256335
712946
702749
629916
119630
363132
519809
481419
214258
758820
212520
997103
248249
995502
658580
438466
270212
829609
689016
933996
950662
48448
954484
102400
393819
215455
706312
547108
781470
908130
936426
682302
790117
774771
463582
336674
363198
966133
429764
298627
18801
118402
121472
662572
408533
331969
214176
838564
676666
60502
303339
933492
98998
1359
16927
918065
255453
843775
969272
972522
383711
922260
683632
787679
206173
125363
320389
972255
918726
43141
317483
167641
66432
679097
45171
362043
343839
989093
769860
213717
837108
650426
726905
46314
104589
751411
474826
194079
287999
448043
454466
725968
142194
154003
141742
89417
177852
249161
370955
185142
646216
299718
374151
419078
360140
380671
998264
273278
942228
488228
755583
752587
454061
590903
141533
216333
606195
592445
206902
257326
356214
652699
581300
817790
809787
813217
876653
745603
808608
412104
843922
825440
699838
724462
88894
277408
731920
70352
683735
904391
824846
152342
306301
550830
249775
523899
334169
208365
261581
88643
161742
372513
564939
388834
693926
935843
556795
610161
380822
74180
239270
109833
197769
195262
795233
227489
434622
635829
151111
808518
975069
876643
779523
891506
307194
838863
394507
460403
145331
999622
650838
79575
422247
291728
222188
466738
474973
720249
933389
427860
550266
159875
308448
642911
708260
552865
869280
103998
145404
919623
397693
941798
195622
523904
425865
788290
611087
95855
942956
357339
572062
151155
880937
407522
538044
415720
527766
776873
240327
884876
75706
312424
19922
146893
472890
346121
967671
698268
868105
727408
950824
658870
870989
859800
919252
406744
298389
54032
147831
79436
874526
719967
567069
942849
293559
193148
693264
965722
266333
667123
412056
627514
968878
403091
675823
671188
153788
746972
454229
416819
563559
911787
61660
513850
771184
307026
202057
965905
784191
738630
108340
920224
666651
924435
75627
895049
820785
692496
737906
611041
558658
91595
421093
200408
267465
490585
952808
826106
142314
302268
878805
678573
324606
446827
811596
22935
259501
921758
256090
181107
795726
101136
469642
201012
813406
853206
148025
548528
159360
932749
743357
715372
562993
839806
59224
437655
552635
750776
638930
366147
88975
516767
554138
721674
855042
79820
649349
865905
779678
828095
102575
6095
226648
757575
706689
830523
98112
237233
522613
598316
327973
851835
102829
34259
393915
998568
661980
807383
740146
204830
318226
505180
572207
110916
685016
622900
469200
349532
373844
951229
326818
829359
176710
843912
76848
641881
357465
897328
179480
187553
721333
257232
17246
623302
330945
900338
495278
255005
519665
749803
843649
265602
407314
177744
185035
758536
610162
952502
761086
74336
182746
734908
806365
740203
175483
161055
627281
655605
655247
785168
780851
805962
292586
794046
924526
781167
972742
341103
906921
11669
786254
792665
835967
306829
29391
84782
220984
369961
724450
161156
532606
14722
437761
830146
656596
503581
599647
166196
695189
13231
887927
900123
448226
910439
147527
331537
138817
102920
747618
338604
975294
548995
763042
163442
483095
624945
614998
476065
19630
748127
910226
286271
847579
805976
965417
494951
769118
826069
312637
654186
881005
77285
916030
793259
149246
407671
227730
102961
189775
893129
463073
522514
107881
96424
955125
207063
809326
853101
267907
612473
390723
15350
137905
899577
578367
221885
931311
263692
496968
673810
984687
560788
847100
588049
969812
480031
693232
613269
103446
612439
849456
254124
75839
968042
696339
362077
678274
650335
820825
163724
460559
689446
752509
718463
787558
783297
761907
686993
648303
421537
654108
220388
443747
858650
405267
672536
784029
594945
628560
502670
10332
907042
825634
838477
320100
187102
21466
157151
938219
727354
270567
208354
862581
688727
913682
489405
806698
533068
817896
329202
577112
167453
690987
572649
746629
636322
608211
334091
935517
598237
782800
730894
746513
924094
848076
988258
69851
702741
283988
464641
871528
646451
306295
62327
662906
651238
475287
195734
241874
739151
303183
264526
83073
977474
970367
425386
676474
594560
306711
701308
916915
480865
338714
486810
464822
811492
472979
723828
799398
474603
284176
113644
859207
852369
333918
232933
331281
970260
591309
39505
867515
507832
951533
768776
557400
189631
541065
491559
310137
100095
820065
592579
59029
878579
644402
868106
478040
265955
599426
41826
550908
731030
202836
852747
178643
153333
204615
803206
518623
755440
590049
355521
659603
600446
909796
946927
556155
534374
222568
633867
680748
244846
900285
448696
760667
875933
139245
276113
769722
412563
858405
724777
811381
115099
523596
972740
504361
132455
669947
430997
79754
728642
821802
463165
3047
166812
2408
508665
300256
929809
974961
13585
248634
383435
579011
609635
438341
751643
463864
287083
345919
179304
799953
297076
756836
939119
501879
745372
219178
261062
473906
328566
351221
570385
828564
590348
684426
868905
983287
316768
215992
4900
804163
451392
402568
417809
672056
659074
781623
750877
306710
175989
931049
330647
889057
656373
568297
622869
963001
724010
136629
978056
774341
294858
943298
563651
443856
841227
682559
64644
18266
387938
498639
356060
848193
873450
950999
171999
747440
354238
509648
816660
789008
785585
658074
296158
380498
632687
862008
572388
507656
249270
874490
637095
20096
816153
795186
485665
338138
102876
829817
528840
12859
33118
155867
786549
674962
149413
677933
643951
4863
242859
425505
447201
674164
917638
217892
930331
519219
380653
969302
37697
399428
206134
820676
925944
134226
588983
228842
207500
658305
994365
316273
614263
182617
926744
971299
49371
720274
455343
910409
267936
101308
226989
755101
470645
731684
380617
118154
619263
228638
255553
265284
641011
247800
721849
756913
175756
647703
384234
884094
929649
767379
746884
240006
129789
70540
746624
946197
177735
430673
592017
75963
577231
449855
741995
52968
516301
830549
148350
692939
198207
310038
241051
141715
288552
681295
498997
609946
812374
775307
950975
877560
578990
592789
333295
185963
164027
276401
639289
169928
640502
775505
555914
949572
499717
372893
97448
927638
815094
286338
727389
589801
986139
940529
539964
188409
547520
284955
538132
769507
910075
760365
72856
489202
10055
233296
334171
238940
171805
14848
612224
708394
751164
438938
246069
470461
684711
947258
469804
742894
69685
934383
518557
94258
847524
651721
342333
863268
538208
557086
56612
138466
359977
317334
878464
261081
827974
79967
759164
48419
507391
92199
103885
263929
172106
670993
513286
928165
687552
676440
665699
237084
646523
714145
240918
732294
517728
503854
433121
625505
205199
950525
883547
988286
340169
255410
629056
498370
122574
56212
586510
832269
769549
398559
207334
620990
186534
264734
20345
247284
10570
647791
946479
371880
848584
356381
389379
849363
882240
207953
786482
249292
435299
30638
820751
118030
997251
327348
823607
52518
519365
8839
404974
908769
698144
721297
179466
413872
242982
272876
865702
658935
341579
700673
137230
238468
884592
411929
953887
645684
949665
482711
166709
677178
577851
998240
346642
303340
402863
936109
692340
424163
817660
793560
283313
337667
426737
355645
127717
250620
514126
166433
137294
218800
101082
476931
683700
804227
346460
207730
639249
360234
23542
727674
456047
499429
673583
531973
87536
658887
674106
940509
610572
998467
556052
102012
901396
746856
468420
359086
385178
209993
743345
851518
977793
673155
402148
925794
157612
322557
63567
846184
534774
571570
857835
626263
251222
766750
418620
660777
345355
430955
405265
880296
364376
667819
836719
583533
122807
416225
205917
787836
135322
346649
455055
42294
80883
235954
652990
385482
493658
183737
399566
797249
968041
378304
311437
946587
755864
471929
460215
430464
902883
700624
801348
968016
436998
517768
515115
206996
453487
855029
764557
750131
276153
855532
141106
735249
514901
115181
798698
475647
5165
31130
757303
513075
354770
662159
388805
82181
593280
966414
845604
719360
77199
20193
829781
289608
381638
247837
608877
849460
65979
437170
71685
310100
493349
750921
851334
396557
342206
631260
621046
804405
178961
950078
383232
369669
721385
639510
289986
751859
767100
159384
756400
907277
266501
36497
842262
225459
743818
295245
523907
246613
587680
530320
120030
700141
738973
237500
788073
638530
231149
187700
894093
618917
215083
624307
510023
894630
825762
208724
634412
249315
602068
634106
549110
600835
321507
775367
715557
903103
84893
701550
225475
33293
661798
910165
788501
405836
83593
50243
997974
649776
225733
839150
340744
236245
610678
143993
198542
687231
415504
5707
366531
346036
329735
680519
816211
589906
685001
134151
386043
470258
881442
887605
911484
726302
458060
76980
331412
415503
345367
580857
725941
357377
624050
474561
761148
353947
506719
549914
622246
336554
686188
810217
840955
763761
190774
633445
567309
483827
529685
970587
508202
939086
62610
851645
772347
797498
569627
711830
57066
796526
564308
279677
619154
175033
280033
643166
603386
141130
571500
468059
681516
28226
503146
271812
805359
909279
728909
821374
736373
9560
429839
267816
159645
570324
950876
844336
689950
609116
591747
63619
781202
648319
98275
827426
601745
432291
902837
284478
447964
95314
957645
439239
656286
548542
378260
788023
803561
442564
381882
426542
792514
714134
736006
463020
30449
947068
686946
683916
826877
336155
683657
230331
603489
629517
982373
339160
115438
265543
88537
998432
772601
633467
340921
852796
383581
499740
570778
518782
541373
41357
425458
705899
209804
685413
812490
565903
706884
221864
227437
568323
159934
237825
901176
475254
615299
223089
445853
90615
469667
731428
286611
659067
569481
490843
103611
158772
980667
541810
804140
640643
825709
609547
906136
233508
810285
378858
22943
418128
454443
77939
871804
590811
947926
161206
230968
550345
533777
464704
232765
875521
113600
363589
496995
858120
345233
106094
186895
257852
887963
576444
1188
396678
91934
453686
341390
505777
10177
74237
884339
542837
72783
712119
172187
35971
387674
778255
640409
341551
840804
526281
799364
248188
302051
280826
152725
97529
538220
789310
111704
403949
628854
323629
985059
29572
166371
581180
229045
202093
346236
184111
167956
500732
84220
521125
589318
885853
433188
965541
991408
751838
649917
529032
61320
872451
614564
101996
257250
582939
526149
843055
1312
437433
157885
472935
478998
380824
207306
353285
119608
595594
852498
724976
419478
363819
470534
68504
919775
498868
957984
502249
838862
428908
727020
394904
497458
973478
740315
346736
867447
644024
1061
445982
168197
645091
317657
673110
940790
873857
661173
845851
198231
705619
655073
362774
776559
124176
286646
638079
269604
210314
526485
719437
233461
932766
693192
67472
596602
331596
296830
515585
214864
990932
397646
819244
908414
51010
935306
261762
714436
344769
324710
502506
306574
203303
274361
32591
724867
65075
676467
441637
923660
629084
639168
884910
545339
242746
696030
115190
306752
677478
678884
210919
828629
696018
137790
422583
914759
512402
849527
618964
326211
113745
636758
356143
156945
918803
487232
373092
729549
868335
896943
85380
166235
461867
690692
137947
125724
853430
19922
74653
556962
134544
804796
321495
501651
779238
264770
376817
489934
864199
753792
981775
337781
823919
315024
444186
494123
235541
951291
952269
564398
710026
148291
663216
919917
478095
324139
227873
617584
789718
130254
117983
315956
390798
393250
671309
538559
43484
423504
194063
479218
796976
664998
931330
122293
609684
475760
716285
466346
986518
637805
756430
310313
706010
887318
265361
133246
25286
648061
137457
21211
640941
459171
339982
299622
478693
533565
266232
971016
176714
870093
363741
827829
293291
339454
839154
593642
181420
913019
159311
159822
430215
665418
290494
8527
786720
223928
981458
393642
639481
780187
468973
707688
150145
211529
456803
359061
139310
822369
125656
677352
377539
546706
134688
986589
231298
496049
609432
35203
153593
789425
331680
530552
109091
699332
814947
589606
430843
30696
321529
837749
687451
190105
355937
715459
123480
425232
298057
443746
533358
981103
694586
800404
3763
363187
734440
813504
151304
839996
316671
456993
26284
918966
738754
906440
645096
531623
87312
900307
7685
305271
112604
97205
889786
586838
322128
92993
986854
487581
877872
112776
625272
123418
68647
324189
970890
295825
449767
705077
257163
608739
870101
922937
249496
604112
609224
71277
825455
333493
576293
889060
289378
43283
370399
915834
496235
853593
491726
113509
443614
182161
685079
348451
402664
606081
865144
823464
31237
174002
797402
734905
384469
772733
439757
609770
228125
923560
706440
83322
402342
756489
715603
520482
143872
983489
212265
254562
924103
398446
791578
465913
808760
644334
212440
957557
109802
105333
712286
792487
630071
418648
653652
658947
509696
747473
683885
77568
680394
190129
56058
995784
882755
737347
714595
342728
826108
152820
440748
140467
544993
822321
377622
388610
967644
329551
319998
455679
495491
609535
797830
416797
609937
467815
319017
755119
798126
369025
864271
730119
372068
936611
481960
666949
104807
24744
72143
666190
354726
89262
251817
416515
481504
692079
652458
292734
121922
375614
236114
177604
311693
514484
689826
620955
596851
819962
830
24121
761232
143016
380447
687176
348052
777884
391024
768075
807671
139418
43463
52072
591460
282129
843475
597321
742608
585416
153572
235421
657287
645271
270168
62308
430351
972326
736510
428048
880082
448355
119628
318584
802148
108412
831617
653371
9618
307857
170789
324585
791968
235248
161301
43813
688854
702506
608716
341689
515773
357189
757731
136732
845210
621254
608107
57395
353435
178370
98761
8691
719916
142718
51111
892497
491494
337330
313643
218601
183879
943667
644129
610655
826250
53920
299565
852021
159996
883575
929000
114307
441786
77847
854089
598071
34405
170278
9911
425731
552029
953410
640829
499694
189539
744226
763709
992407
148548
905274
197002
521509
562128
11768
449686
263848
487165
68142
439325
747617
639999
400413
552010
230848
200796
123515
871248
631909
975728
330474
635834
161108
338497
820486
876458
192747
441675
221325
838631
742826
325836
530730
777659
402045
487209
626953
388199
108402
985307
720900
280192
15554
692930
940658
284572
293364
754020
696742
599945
72299
562345
418258
964920
433644
678274
565398
431046
675406
862600
110533
334135
86278
177019
353845
416227
934596
186445
475038
377197
846425
656918
761961
467661
524451
492061
108342
156152
236739
13577
253361
556244
679344
743755
243767
930879
985047
536770
291624
124128
671747
112646
417486
446145
78870
545256
841212
344003
536199
369520
281664
934441
92035
646930
155884
758800
51429
87406
967912
239891
978015
637939
506936
704960
890654
349084
310883
712336
353299
540718
822419
337866
661091
963455
465131
420201
561777
16060
393458
354224
654980
400506
435398
701712
152047
459573
830066
752893
313453
886016
175068
888853
89602
849158
106638
897906
285277
443346
563902
550684
546185
354966
704673
776648
532628
573086
291635
111679
84726
850485
587088
585699
382940
90820
136627
552465
331579
187404
142199
359714
368745
490862
803427
145256
10557
921799
149027
830594
516078
24162
805993
258481
784680
81083
436306
947724
138446
635353
495470
96091
885298
729049
450203
260853
373728
248661
76759
31451
213448
432379
727828
766915
188423
776969
116238
22185
186358
743540
808369
326106
301962
90962
723327
467620
89388
723543
801584
408208
641649
775868
82330
333902
761282
12195
737273
841699
721433
777920
650440
447452
578552
166407
783083
921770
261276
834663
136160
494185
660536
192249
4821
156424
758612
310105
507145
910025
275189
666752
90716
792710
852960
762950
511346
113105
170108
796533
232232
932797
400101
430484
193572
944370
101520
736291
795063
391657
519608
863559
123727
438124
180493
573686
949529
425571
714947
227883
834122
885518
202119
767965
570164
994245
995858
272493
815946
957730
76928
7105
896893
352518
94707
386074
274862
164334
598233
273677
877745
76473
598065
320911
960032
820781
1497
408925
839957
481959
511570
240676
236454
26230
378113
897005
275694
103576
838107
214896
275196
75913
490365
240115
918732
105177
554868
377417
714531
187276
947052
695300
495671
203007
177314
880172
296530
225258
538537
998170
631585
945455
580504
377275
869848
725415
818030
212759
627762
685883
182526
251887
326795
780465
836905
425233
367307
272033
42532
363081
949524
867416
763501
209209
578060
52751
772371
477255
424704
462552
972656
99126
230890
383660
3949
529100
815493
65563
573691
762065
872857
350635
535969
181125
1394
647860
211652
11993
213107
531535
396295
298517
604487
982255
217663
558962
697051
330456
928989
440707
242006
243413
502368
417636
817937
938139
711878
679518
128550
624135
664622
459299
178908
348428
844698
194281
567820
808160
931714
442545
858918
229607
793449
324185
773846
73050
155531
618713
98768
528486
642356
13576
148566
792890
960150
546834
496074
958993
536603
918841
586728
223813
371579
240210
821293
10491
299411
481008
401570
687273
654057
98246
284323
634153
926093
342315
175242
85864
39818
938894
985062
989004
980409
286291
140406
267504
844379
876205
765909
71907
287116
719387
860756
322294
79038
861907
158518
780054
922372
548933
827707
623563
788872
994920
570090
465947
775481
797032
913392
464618
510707
743395
58956
231383
788230
697494
586538
486075
411864
253478
112097
824
912809
740637
108874
297251
141570
488283
416792
789623
721657
196562
295204
7359
624246
762846
925979
900721
703438
546509
889283
339686
225080
485125
360414
378148
115678
319643
945382
598426
644329
308081
298027
330275
498050
776030
967253
972361
672371
945216
216177
263329
117707
208670
724827
827092
268048
244452
268034
417743
869481
626308
653956
595569
816222
482155
348038
198121
629205
409462
423759
789270
425274
543131
226162
927628
816018
12414
441253
47378
541037
564787
16890
551629
736154
353517
274790
638824
954517
572908
703313
283666
58105
2523
397532
987759
483571
634221
331695
160384
453699
110167
558138
229562
437615
774557
798884
389024
932198
13429
904121
346637
788398
787052
494535
723924
245055
740975
729044
863806
97633
216586
701764
535421
311320
674840
100148
740421
775057
235313
912551
672321
149958
709340
202696
467020
570161
982815
365247
604130
482141
748309
599769
342179
651925
158615
479783
655908
972526
850998
130307
487651
342392
567256
5609
578947
93961
565420
166599
339496
828162
451327
708810
513683
202933
522758
549374
642153
400569
1143
29005
218807
691538
486756
138792
849567
892700
634741
857580
152283
806008
983014
875577
707367
70285
432198
360616
300018
521213
578901
576452
393521
28100
187488
538786
22466
885336
665287
812947
366102
343252
1012
885291
467628
614803
871479
428558
261904
731385
837219
214726
391303
998792
824687
799346
985040
83144
990826
811506
513043
254010
231743
598079
854890
99432
689967
722450
291573
143271
323111
168437
97831
790728
96471
520557
556823
102267
334899
206942
750140
319389
7202
673067
747881
466510
492800
529516
659239
962995
391765
80809
823163
714205
516791
646602
9033
493868
174313
683814
192179
426206
266596
124400
543632
218329
107859
571428
981748
603122
39934
736340
588257
148289
990004
78939
995103
494254
513466
814339
487410
308271
809993
149221
823769
702348
528726
922130
736263
599868
269008
497654
992619
887396
233572
835649
389628
304366
309203
682509
998125
103715
44608
216623
319600
163347
340676
760797
659278
267555
957828
734563
844647
337962
22702
17398
851407
781450
551682
537896
438383
356780
342400
419414
980312
217685
123365
380385
884417
462219
27305
601590
305703
459921
203132
369125
609007
500190
799767
742638
861056
666689
177783
421991
227105
318216
445748
180519
129575
208250
804910
30713
938119
979679
963831
418417
992897
476380
975163
199443
888129
232667
660856
919358
162197
388009
223677
577389
238060
426435
457390
455496
465042
742884
171454
261120
310900
624210
109287
275053
637305
688779
148539
1318
525763
111727
81137
932879
933368
891049
619469
887500
596635
502898
395397
893913
76915
367155
226837
40575
37212
829989
731290
459274
294447
604829
821512
111920
199067
133041
484233
326954
155414
768617
837779
831379
76891
420162
69247
441766
750921
103508
364605
615610
371477
521781
377016
828690
187668
420880
533196
127498
752340
531659
631688
341144
911968
857758
343764
336984
787682
243126
556699
196644
782829
956283
879955
588385
100929
76058
61080
964117
286219
906687
3044
264080
392409
154842
327867
274893
854324
565173
769264
106901
900764
619124
747006
327991
235387
459212
138380
832487
322608
54386
355100
452160
673175
242538
43074
575646
622578
658200
722127
559119
422149
605252
966461
468684
892639
873992
740479
92023
995414
182025
275787
787249
342473
653167
950252
528943
450271
315055
524315
455111
622152
383508
70437
963362
336450
742513
124056
693804
602000
624808
720958
249112
923204
253440
210689
698521
507344
292984
39252
224083
459178
749333
292267
499458
370085
573546
98720
739586
122968
746750
943308
320828
615623
526345
909020
73059
19763
893949
675915
41973
310642
43626
356904
613733
213347
684694
992230
373382
989030
504829
79174
772393
469753
720689
345050
185944
279658
89387
590774
56472
254994
36324
32314
712632
869210
112523
631327
440374
672404
874847
8722
851064
700593
413996
712779
877969
210557
859503
392522
256454
690070
542247
821264
772243
337125
777036
323818
481362
780927
218881
234369
515925
204962
66736
122194
388285
30948
508516
279999
673558
769198
759443
792169
580558
226880
372054
391762
837325
858226
687465
414369
374478
857516
256928
396715
695155
948288
748992
956784
914935
95487
717758
964903
827744
673266
747760
114237
432444
377858
730819
343730
553026
499074
373897
986260
536555
887625
164748
374415
749043
855052
361440
986625
881452
935896
912806
844712
454185
777244
4164
141180
457733
34389
881270
434015
36152
294109
54639
465073
916744
295865
915237
252904
796812
721574
533403
186901
981178
589943
98351
353156
943754
50787
894484
816882
976595
185232
476073
618020
336256
971208
132457
617434
769870
975064
816846
131269
397344
139456
557052
943673
902333
367407
928179
234294
629425
424517
670729
153400
976433
547474
249262
504154
412839
252011
495133
704092
352975
475562
692832
812411
25705
369829
466727
310194
311101
816638
89148
320077
723501
429411
440687
448226
598737
687181
221423
875169
389723
573915
368288
276331
205241
84486
948504
747916
539545
158440
315970
909506
985100
252922
611885
895095
125710
642507
682713
881626
963723
246629
235176
664023
621709
505116
422625
722982
829841
88226
698184
512034
477549
922344
546936
975058
770200
666552
25437
573840
268587
979598
694429
410875
516381
818440
337694
223638
39135
258521
312985
723842
296913
802342
755440
541222
698375
673398
131863
121767
200029
688973
819230
847918
250535
83195
257600
25206
426135
247440
128836
323683
639604
575139
482305
964505
928550
129187
389632
812887
869170
97030
302210
867735
392465
288872
249212
759790
248069
942423
503901
386229
638574
911986
295681
185906
299927
73090
228041
138145
695173
765083
703461
250720
915409
654419
102353
409080
704568
73537
813278
148492
526691
477995
373672
187385
616779
320557
855911
906031
833578
906177
450268
382595
578880
752008
535801
189545
81696
623519
800318
405226
604588
237995
408523
483618
94169
329738
117667
682551
781456
648938
85212
648386
188223
145975
312689
967056
139669
178587
740371
912136
184399
944722
44860
176764
870028
874572
99091
402574
6952
108080
582035
635947
696978
661164
317578
196876
802415
44347
462009
746134
118814
437250
33975
688295
745128
498496
317990
84657
957598
429463
923282
237744
323485
645395
642097
39896
199363
474654
793854
284419
289857
680894
479662
26020
672801
895945
625339
753711
806285
486635
593592
862922
563504
275905
581705
687052
449536
819597
220437
357569
637252
903966
530993
613807
674933
25215
188199
481427
794714
29771
376755
977991
948935
439850
81365
751151
167375
749920
431014
792188
206855
18165
238717
496371
330438
595138
278423
18738
708718
328120
595426
749037
303269
419061
935974
168719
846004
461037
36040
457495
207313
441687
877085
969132
708493
737886
795045
364329
521676
380315
480104
284592
227678
29358
478840
472276
38326
652336
327652
952466
156842
683452
921
901072
886147
464172
121685
971163
726656
469250
209233
819454
501447
841397
165665
562642
168273
871872
291506
989670
61398
52050
4162
588343
499274
854840
429545
565068
463130
845831
30275
731775
928757
671759
36471
462524
150777
873906
663328
356956
834474
236547
250742
995707
395172
250189
18427
726145
87920
170246
147385
899058
435821
266233
20260
28132
18646
979230
796808
185460
200447
895711
28576
850638
942418
343238
478001
486653
409105
677699
219170
325204
416278
677863
352279
78037
119893
161666
942282
222542
680785
451819
609469
624816
639436
295592
633573
844369
676704
640384
360760
934033
705066
98010
495503
127381
867955
277348
894468
239806
605535
906393
632334
480130
243050
724533
762565
89467
995429
588434
409962
929342
105375
533796
941352
391770
5259
566217
507358
500288
497516
675406
996691
635803
581585
710063
781613
436124
371082
746293
472392
272002
221443
174283
467848
19163
881412
43276
388180
22196
234945
267981
545138
754860
409518
475927
540479
110637
611541
691089
298862
6407
388692
847540
837359
687293
941223
275120
309737
961496
775276
431459
582685
549433
684603
229119
444682
992371
929723
823396
716851
8992
573645
285054
659603
781439
114775
412829
207149
867184
706081
491220
853296
760212
60153
621566
964724
125302
790232
324686
180238
163807
950976
686126
655570
877039
251981
736814
53769
846889
787340
195859
51414
321866
927651
321256
951113
552154
264367
493388
66128
803146
672049
276043
844780
440162
992017
307293
677083
446104
982136
364541
318815
803195
286844
455601
825035
114099
483378
291957
571288
735006
557572
854568
723165
940215
865546
927509
865325
714636
744672
992635
139272
116284
154851
450611
144567
744326
914532
520761
629320
216284
302079
756624
98854
741599
18260
552511
992324
868908
813204
382060
37457
782877
862818
323251
487526
515678
880161
893503
459349
363081
496015
371930
152715
537060
880158
620881
77725
210782
487286
687237
106042
638522
485309
872373
450684
507664
893918
578792
793972
612486
162683
661007
90097
868545
198133
807751
776665
19445
944022
212663
559582
171797
195252
89645
778885
664564
510920
488992
488319
982052
978612
7252
454915
780234
684864
995742
216886
704350
967200
509835
739305
138465
579290
254789
222832
962544
74416
878054
117133
636757
873087
507985
160845
35428
107605
55968
150596
61615
69704
550184
641193
981325
81993
942418
198092
52567
543570
604469
348750
281553
381093
292539
633040
446322
688638
7795
840914
250375
888
729037
639339
399132
95737
900435
129013
344159
944283
147452
30869
648696
477594
591514
750328
511033
537014
386638
416908
702881
735901
870828
158003
123356
815687
788488
926571
390782
315595
529417
942786
489174
18862
28007
864601
818353
639293
654075
518332
455212
926434
543171
136660
977223
218668
392209
161515
653031
136207
711112
320502
341045
356631
860410
969106
598509
942678
309730
140837
685761
416957
594148
908908
445716
316588
688540
376543
24937
464685
745734
785382
708289
610369
410680
916532
28639
216140
405794
530307
776667
37231
972369
30575
596686
690241
808184
774328
260607
598489
401411
600557
410484
468304
531080
578835
590641
808628
536332
565410
981253
621609
465846
346992
443745
216176
836859
378237
221089
262694
640840
546341
71959
323953
352356
12648
782400
752222
175021
653636
59405
329465
305836
920794
919220
584671
534827
750225
49064
460636
422030
262329
542044
399990
655071
630364
12431
315485
150219
345854
218641
422770
108713
160149
636392
902362
218186
261265
951320
694992
803440
637462
995992
802702
934233
280366
255181
370625
191720
580300
571959
317905
356596
499211
753838
456131
714610
324385
531175
624871
302668
285616
658382
98829
346386
451506
447599
27625
365691
719132
348809
868252
947478
53045
436131
334664
979394
200385
968619
444003
41391
866846
670752
981639
312110
304730
205804
995716
464010
765651
674082
320741
653117
41362
94407
812293
329511
406053
159582
351731
632775
826012
558794
721922
987385
802552
386455
875488
525417
84748
849955
614620
466553
825331
696382
508940
983349
86198
417679
611218
967271
566673
43292
16776
14090
757664
754413
315597
45328
604603
137842
68754
864540
309883
201377
264486
750646
489048
45411
159027
769399
856333
534876
471411
143604
304541
665339
685990
458271
135724
863005
969357
6435
972831
485995
571797
637211
301328
456250
45565
404966
201473
577274
802494
772368
182087
183173
906418
739430
367601
435843
735412
92428
59106
756851
493207
166478
446423
820577
544225
387803
899783
375406
447931
703132
862604
351513
392339
638952
465628
805562
661225
521970
581068
169493
657031
524508
753626
35120
804059
812830
771993
529149
701331
999316
248039
964378
953428
42588
411113
850683
927331
407480
505866
487322
375781
845575
538435
279698
330436
268947
863621
339565
854357
106076
814613
149088
239221
309187
94323
22687
498252
565849
482174
978104
911790
516031
996872
338211
72077
388258
105502
367850
452111
787105
906169
147938
921704
